a 6    b 12    c 18    d 24    e 30    f 36    g 42    h 48    i 54    j 60

k 66    l 72    m 78    n 84    o 90    p 96    q 102    r 108    s 114

t 120    u 126    v 132    w 138    x 144    y 150    z 156

casuists    18, 6, 114, 126, 54, 114, 120, 114
educations  30, 24, 126, 18, 6, 120, 54, 90, 84, 114
yuppies     150, 126, 96, 96, 54, 30, 114
velocity    132, 30, 72, 90, 18, 54, 120, 150
unspecified 126, 84, 114 96, 30, 18, 54, 36, 54, 30, 24
shortfall   114, 48, 90, 108, 120, 36, 6, 72, 72
potatoes    96, 90, 120, 6, 120, 90, 30, 114
pictures    96, 54, 18, 120, 126, 108, 30, 114
perfection  96, 30, 108, 36, 30, 18, 120, 54, 90, 84



KYMBERLY    66, 150, 78, 12, 30, 108, 72, 150
buttons     12, 126, 120, 120, 90, 84, 114
competent   18, 90, 78, 96, 30, 120, 30, 84, 120
innersole   54, 84, 84, 30, 108, 114, 90, 72, 30
